1403715280.312143 0.071185 0.071182 0.007234 0.001352 0.000083 0.000016 
1403715280.412143 0.071864 0.071862 0.007300 0.001411 0.000104 0.000026 
1403715280.562143 0.074204 0.074202 0.007534 0.001511 0.000146 0.000041 
1403715280.662143 0.076472 0.076471 0.007770 0.001640 0.000177 0.000057 
1403715280.812143 0.296358 0.296349 0.030167 0.001899 0.000249 0.000148 
1403715280.912143 0.627642 0.627623 0.063701 0.001883 0.000353 0.000278 
1403715281.062143 0.908054 0.908026 0.092099 0.002647 0.000504 0.000453 
1403715281.212143 0.908664 0.908636 0.092166 0.002723 0.000940 0.000910 
1403715281.312143 0.946041 0.946014 0.095942 0.004549 0.001071 0.001038 
1403715281.462143 1.031445 1.031419 0.104598 0.006070 0.001225 0.001182 
1403715281.562143 1.179060 1.179041 0.119600 0.007897 0.001445 0.001348 
1403715281.712143 1.394334 1.394325 0.141525 0.010003 0.001786 0.001551 
1403715281.812143 1.394457 1.394447 0.141537 0.010108 0.001984 0.001769 
1403715281.962143 1.462114 1.462113 0.148428 0.013750 0.003034 0.002067 
1403715282.062143 1.573812 1.573807 0.159759 0.017324 0.004099 0.002424 
1403715282.212143 1.861048 1.861031 0.188855 0.021260 0.005391 0.002873 
1403715282.312143 1.861139 1.861123 0.188862 0.021262 0.005563 0.003186 
1403715282.462143 1.913099 1.913082 0.194090 0.021722 0.007343 0.005765 
1403715282.562143 2.058652 2.058636 0.208781 0.022991 0.011462 0.010554 
1403715282.712143 2.240005 2.239990 0.227139 0.024083 0.015842 0.015189 
1403715282.812143 2.240080 2.240066 0.227149 0.023860 0.015932 0.015292 
1403715282.962143 2.275713 2.275700 0.230760 0.024462 0.018600 0.017950 
1403715283.062143 2.399319 2.399306 0.243304 0.027536 0.025830 0.023694 
1403715283.212143 2.556557 2.556545 0.259289 0.034424 0.033319 0.025615 
1403715283.312143 2.556623 2.556612 0.259296 0.034488 0.033380 0.025570 
1403715283.412143 2.556641 2.556630 0.259298 0.034494 0.033385 0.025471 
1403715283.512143 2.557889 2.557878 0.259425 0.034786 0.033698 0.025543 
1403715283.612143 2.562932 2.562921 0.259938 0.036049 0.035181 0.025837 
1403715283.762143 2.571885 2.571873 0.260850 0.038186 0.037617 0.026183 
1403715283.862143 2.571950 2.571938 0.260857 0.038273 0.037696 0.026225 
1403715284.012143 2.572015 2.572004 0.260863 0.038357 0.037772 0.026213 
1403715284.112143 2.573295 2.573284 0.260994 0.039070 0.038522 0.026167 
1403715284.262143 2.575628 2.575617 0.261233 0.040332 0.039848 0.026286 
1403715284.362143 2.587178 2.587167 0.262415 0.046761 0.046481 0.026489 
1403715284.512143 2.587243 2.587232 0.262421 0.046801 0.046522 0.026459 
1403715284.612143 2.617234 2.617224 0.265490 0.061057 0.060920 0.026690 
1403715284.762143 2.678691 2.678684 0.271776 0.082855 0.082679 0.026835 
1403715284.862143 2.784266 2.784263 0.282563 0.109347 0.109044 0.026983 
1403715285.012143 2.784326 2.784324 0.282570 0.109369 0.109065 0.026957 
1403715285.112143 2.808627 2.808625 0.285056 0.115919 0.115568 0.027015 
1403715285.262143 2.852333 2.852329 0.289528 0.126881 0.126471 0.027271 
1403715285.362143 2.976351 2.976345 0.302206 0.152004 0.151491 0.027467 
1403715285.512143 2.976405 2.976399 0.302212 0.152077 0.151561 0.027547 
1403715285.612143 3.008382 3.008375 0.305484 0.158256 0.157762 0.027717 
1403715285.762143 3.063710 3.063703 0.311138 0.167938 0.167458 0.027958 
1403715285.862143 3.219458 3.219451 0.327030 0.190339 0.189795 0.028321 
1403715286.012143 3.219516 3.219509 0.327035 0.190238 0.189704 0.028141 
1403715286.112143 3.249190 3.249183 0.330058 0.193802 0.193225 0.028434 
1403715286.262143 3.300622 3.300615 0.335296 0.199574 0.198953 0.028822 
1403715286.362143 3.445988 3.445982 0.350092 0.213871 0.213150 0.029547 
1403715286.512143 3.446036 3.446030 0.350097 0.213908 0.213184 0.029622 
1403715286.612143 3.473815 3.473809 0.352924 0.216346 0.215660 0.030185 
1403715286.762143 3.522016 3.522012 0.357834 0.220621 0.219981 0.032177 
1403715286.862143 3.658675 3.658673 0.371792 0.232090 0.231487 0.037211 
1403715287.012143 3.658724 3.658721 0.371797 0.232070 0.231470 0.037259 
1403715287.112143 3.684879 3.684876 0.374498 0.234724 0.234094 0.039772 
1403715287.262143 3.730334 3.730330 0.379179 0.239158 0.238465 0.042073 
1403715287.362143 3.859600 3.859588 0.392488 0.250585 0.249725 0.045179 
1403715287.512143 3.859645 3.859634 0.392492 0.250565 0.249708 0.045172 
1403715287.612143 3.884468 3.884458 0.394988 0.252698 0.251830 0.045814 
1403715287.762143 3.927650 3.927638 0.399334 0.256225 0.255354 0.047026 
1403715287.862143 4.050701 4.050685 0.411741 0.265565 0.264691 0.050010 
1403715288.012143 4.050743 4.050726 0.411745 0.265584 0.264709 0.050015 
1403715288.112143 4.074419 4.074403 0.414142 0.267284 0.266436 0.050546 
1403715288.262143 4.115636 4.115620 0.418311 0.270122 0.269326 0.051504 
1403715288.362143 4.233299 4.233281 0.430224 0.277685 0.277029 0.053708 
1403715288.512143 4.233338 4.233320 0.430229 0.277689 0.277033 0.053699 
1403715288.612143 4.256003 4.255986 0.432529 0.279227 0.278618 0.054191 
1403715288.762143 4.295476 4.295460 0.436538 0.281888 0.281363 0.055187 
1403715288.862143 4.408339 4.408324 0.448001 0.289068 0.288734 0.057241 
1403715289.012143 4.408377 4.408363 0.448005 0.289064 0.288731 0.057246 
1403715289.112143 4.408417 4.408402 0.448009 0.289064 0.288729 0.057236 
1403715289.262143 4.408457 4.408442 0.448013 0.289036 0.288703 0.057216 
1403715289.362143 4.408496 4.408481 0.448017 0.289035 0.288702 0.057162 
1403715289.512143 4.408536 4.408521 0.448021 0.289019 0.288685 0.057107 
1403715289.612143 4.408576 4.408561 0.448025 0.289004 0.288672 0.057128 
1403715289.762143 4.408616 4.408601 0.448029 0.288978 0.288646 0.057101 
1403715289.862143 4.408656 4.408641 0.448033 0.288957 0.288626 0.057073 
1403715290.012143 4.409403 4.409389 0.448110 0.289059 0.288729 0.057147 
1403715290.112143 4.410764 4.410749 0.448249 0.289248 0.288918 0.057187 
1403715290.262143 4.417523 4.417510 0.448937 0.290161 0.289832 0.057296 
1403715290.362143 4.417561 4.417547 0.448941 0.290178 0.289848 0.057274 
1403715290.512143 4.417598 4.417584 0.448944 0.290202 0.289872 0.057317 
1403715290.612143 4.417637 4.417623 0.448948 0.290204 0.289874 0.057320 
1403715290.762143 4.417675 4.417660 0.448952 0.290219 0.289890 0.057339 
1403715290.862143 4.417712 4.417698 0.448956 0.290235 0.289905 0.057357 
1403715291.012143 4.417751 4.417737 0.448960 0.290231 0.289902 0.057355 
1403715291.112143 4.417789 4.417774 0.448964 0.290247 0.289917 0.057364 
1403715291.262143 4.417826 4.417812 0.448968 0.290267 0.289937 0.057373 
1403715291.362143 4.417864 4.417850 0.448972 0.290279 0.289948 0.057392 
1403715291.512143 4.417902 4.417889 0.448976 0.290282 0.289951 0.057398 
1403715291.612143 4.417940 4.417926 0.448980 0.290285 0.289955 0.057398 
1403715291.762143 4.417979 4.417965 0.448983 0.290290 0.289960 0.057412 
1403715291.862143 4.418018 4.418004 0.448987 0.290286 0.289955 0.057398 
1403715292.012143 4.418056 4.418042 0.448991 0.290300 0.289970 0.057420 
1403715292.112143 4.418094 4.418080 0.448995 0.290313 0.289983 0.057409 
1403715292.262143 4.418132 4.418118 0.448999 0.290325 0.289994 0.057415 
1403715292.362143 4.418876 4.418861 0.449075 0.290449 0.290120 0.057422 
1403715292.512143 4.421801 4.421787 0.449374 0.290986 0.290655 0.057456 
1403715292.612143 4.426956 4.426942 0.449900 0.291889 0.291558 0.057527 
1403715292.762143 4.426994 4.426980 0.449904 0.291900 0.291569 0.057520 
1403715292.862143 4.427032 4.427018 0.449908 0.291901 0.291570 0.057531 
1403715293.012143 4.427072 4.427057 0.449912 0.291908 0.291577 0.057542 
1403715293.112143 4.427108 4.427094 0.449916 0.291929 0.291598 0.057541 
1403715293.212143 4.427119 4.427105 0.449917 0.291934 0.291603 0.057534 
1403715293.312143 4.427128 4.427114 0.449918 0.291948 0.291617 0.057545 
1403715293.462143 4.427167 4.427152 0.449922 0.291957 0.291625 0.057523 
1403715293.562143 4.427205 4.427191 0.449926 0.291960 0.291628 0.057527 
1403715293.712143 4.427244 4.427229 0.449930 0.291962 0.291631 0.057531 
1403715293.812143 4.427282 4.427268 0.449934 0.291966 0.291634 0.057528 
1403715293.962143 4.427321 4.427307 0.449938 0.291970 0.291638 0.057522 
1403715294.062143 4.427359 4.427344 0.449942 0.291977 0.291644 0.057532 
1403715294.162143 4.428075 4.428061 0.450016 0.292072 0.291742 0.057674 
1403715294.312143 4.429432 4.429418 0.450155 0.292237 0.291913 0.057860 
1403715294.462143 4.432268 4.432254 0.450446 0.292553 0.292239 0.058134 
1403715294.562143 4.432305 4.432292 0.450450 0.292556 0.292242 0.058146 
1403715294.712143 4.443475 4.443461 0.451597 0.293666 0.293379 0.059051 
1403715294.812143 4.490424 4.490411 0.456410 0.298002 0.297798 0.061456 
1403715294.962143 4.490461 4.490449 0.456414 0.297998 0.297793 0.061425 
1403715295.062143 4.497386 4.497374 0.457117 0.298415 0.298213 0.061590 
1403715295.212143 4.511388 4.511377 0.458538 0.299210 0.299010 0.061894 
1403715295.312143 4.551436 4.551427 0.462601 0.301316 0.301117 0.062622 
