1403715280.312143 -4.813761 -7.818132 -3.455523 -0.117508 9.338224 3.003309 
1403715280.412143 -8.516129 4.761082 -1.021635 -0.127665 9.332823 3.019641 
1403715280.562143 -4.602278 8.560195 1.333492 -0.119143 9.333350 3.018358 
1403715280.662143 0.085325 9.374166 2.890300 -0.115107 9.331302 3.024842 
1403715280.812143 -1.523090 9.541828 1.694057 -0.173927 9.327067 3.035073 
1403715280.912143 -0.043900 9.378287 2.877831 -0.173202 9.327733 3.033067 
1403715281.062143 -0.097917 9.449177 2.634307 -0.174218 9.321141 3.053208 
1403715281.212143 -0.564189 9.362672 2.873703 -0.177137 9.321184 3.052910 
1403715281.312143 -0.302632 9.390101 2.823210 -0.169768 9.326686 3.036482 
1403715281.462143 -0.355961 9.377331 2.859208 -0.169139 9.325917 3.038877 
1403715281.562143 -0.542340 9.311357 3.039839 -0.170003 9.323676 3.045696 
1403715281.712143 -0.512318 9.356116 2.904605 -0.168484 9.320930 3.054177 
1403715281.812143 -0.449597 9.364187 2.888939 -0.168173 9.320913 3.054242 
1403715281.962143 -0.888342 9.092475 3.574054 -0.167849 9.322461 3.049535 
1403715282.062143 -0.752705 9.122208 3.529146 -0.165133 9.322984 3.048083 
1403715282.212143 -0.616862 9.103122 3.603993 -0.167746 9.323775 3.045520 
1403715282.312143 -0.572297 9.116733 3.576838 -0.168350 9.323901 3.045101 
1403715282.462143 -0.290122 9.172758 3.465896 -0.170272 9.324213 3.044040 
1403715282.562143 -0.195225 9.245606 3.273647 -0.171699 9.324235 3.043890 
1403715282.712143 -0.213372 9.272265 3.196196 -0.171848 9.324732 3.042361 
1403715282.812143 -0.193207 9.265249 3.217753 -0.172900 9.324198 3.043936 
1403715282.962143 -0.266180 9.268825 3.202209 -0.173799 9.324786 3.042082 
1403715283.062143 -0.296869 9.274385 3.183356 -0.178260 9.326087 3.037832 
1403715283.212143 -0.310919 9.289340 3.138087 -0.179314 9.327605 3.033105 
1403715283.312143 -0.307263 9.291674 3.131534 -0.178558 9.327888 3.032281 
1403715283.412143 -0.297052 9.294517 3.124074 -0.176533 9.327300 3.034207 
1403715283.512143 -0.300958 9.293991 3.125263 -0.176431 9.327456 3.033736 
1403715283.612143 -0.285904 9.294784 3.124319 -0.176906 9.327560 3.033385 
1403715283.762143 -0.258936 9.293155 3.131506 -0.177951 9.327335 3.034018 
1403715283.862143 -0.261593 9.293433 3.130459 -0.177975 9.327389 3.033852 
1403715284.012143 -0.262660 9.294427 3.127418 -0.177247 9.327376 3.033931 
1403715284.112143 -0.256856 9.296155 3.122762 -0.177186 9.327252 3.034317 
1403715284.262143 -0.241776 9.297387 3.120295 -0.176258 9.327067 3.034939 
1403715284.362143 -0.204317 9.300662 3.113206 -0.175349 9.326672 3.036209 
1403715284.512143 -0.197845 9.300954 3.112751 -0.174223 9.326437 3.036993 
1403715284.612143 -0.133811 9.304281 3.106213 -0.173201 9.325308 3.040518 
1403715284.762143 -0.114851 9.306528 3.100236 -0.173998 9.323604 3.045692 
1403715284.862143 -0.091893 9.306868 3.099979 -0.174528 9.320484 3.055196 
1403715285.012143 -0.090977 9.306718 3.100458 -0.174663 9.320333 3.055649 
1403715285.112143 -0.079650 9.306655 3.100958 -0.173963 9.318856 3.060190 
1403715285.262143 -0.078788 9.307876 3.097315 -0.173655 9.318208 3.062181 
1403715285.362143 -0.072373 9.310192 3.090500 -0.170227 9.315532 3.070505 
1403715285.512143 -0.075054 9.311092 3.087723 -0.171043 9.316017 3.068985 
1403715285.612143 -0.085319 9.311931 3.084927 -0.170774 9.316197 3.068455 
1403715285.762143 -0.087864 9.312152 3.084188 -0.169489 9.315238 3.071435 
1403715285.862143 -0.094581 9.311002 3.087459 -0.169325 9.312920 3.078469 
1403715286.012143 -0.090119 9.309852 3.091061 -0.168942 9.312221 3.080602 
1403715286.112143 -0.088779 9.308475 3.095238 -0.168933 9.311421 3.083019 
1403715286.262143 -0.086700 9.306643 3.100803 -0.169154 9.309982 3.087347 
1403715286.362143 -0.082889 9.305304 3.104925 -0.166503 9.307347 3.095427 
1403715286.512143 -0.082373 9.305584 3.104099 -0.166253 9.307433 3.095184 
1403715286.612143 -0.079322 9.304901 3.106226 -0.167078 9.306301 3.098539 
1403715286.762143 -0.078123 9.304079 3.108717 -0.168717 9.304959 3.102480 
1403715286.862143 -0.082438 9.305437 3.104537 -0.169552 9.303824 3.105834 
1403715287.012143 -0.080943 9.305016 3.105839 -0.169550 9.303539 3.106690 
1403715287.112143 -0.083435 9.305498 3.104327 -0.169863 9.303630 3.106402 
1403715287.262143 -0.083629 9.305289 3.104949 -0.170031 9.303171 3.107766 
1403715287.362143 -0.081781 9.304695 3.106777 -0.168878 9.301722 3.112165 
1403715287.512143 -0.081060 9.304422 3.107614 -0.169001 9.301448 3.112975 
1403715287.612143 -0.082924 9.304239 3.108112 -0.169505 9.301250 3.113539 
1403715287.762143 -0.082282 9.303492 3.110367 -0.169333 9.300240 3.116565 
1403715287.862143 -0.083558 9.302637 3.112886 -0.168766 9.298527 3.121702 
1403715288.012143 -0.083925 9.302707 3.112670 -0.168742 9.298649 3.121341 
1403715288.112143 -0.084732 9.302985 3.111815 -0.168308 9.298630 3.121421 
1403715288.262143 -0.083171 9.302913 3.112073 -0.167129 9.297777 3.124024 
1403715288.362143 -0.079811 9.302295 3.114011 -0.165606 9.295406 3.131150 
1403715288.512143 -0.079707 9.302282 3.114048 -0.165558 9.295385 3.131214 
1403715288.612143 -0.078618 9.302280 3.114083 -0.164991 9.294807 3.132960 
1403715288.762143 -0.077593 9.302332 3.113953 -0.164270 9.293992 3.135416 
1403715288.862143 -0.076463 9.302268 3.114173 -0.163443 9.291896 3.141667 
1403715289.012143 -0.076333 9.302169 3.114471 -0.163489 9.291785 3.141992 
1403715289.112143 -0.076203 9.302193 3.114404 -0.163425 9.291759 3.142075 
1403715289.262143 -0.075152 9.302036 3.114897 -0.163148 9.291453 3.142992 
1403715289.362143 -0.075148 9.302043 3.114876 -0.163033 9.291430 3.143065 
1403715289.512143 -0.074728 9.301987 3.115055 -0.162801 9.291273 3.143539 
1403715289.612143 -0.073781 9.301906 3.115320 -0.162521 9.291025 3.144289 
1403715289.762143 -0.072791 9.301799 3.115662 -0.162056 9.290722 3.145207 
1403715289.862143 -0.071866 9.301692 3.116002 -0.161650 9.290433 3.146081 
1403715290.012143 -0.071518 9.301714 3.115946 -0.161333 9.290372 3.146279 
1403715290.112143 -0.071013 9.301722 3.115932 -0.160929 9.290256 3.146642 
1403715290.262143 -0.070995 9.301647 3.116157 -0.160716 9.290102 3.147108 
1403715290.362143 -0.070989 9.301686 3.116038 -0.160593 9.290112 3.147085 
1403715290.512143 -0.071491 9.301752 3.115832 -0.160684 9.290253 3.146664 
1403715290.612143 -0.071217 9.301726 3.115916 -0.160560 9.290189 3.146860 
1403715290.762143 -0.071449 9.301762 3.115804 -0.160626 9.290268 3.146622 
1403715290.862143 -0.071651 9.301789 3.115718 -0.160729 9.290339 3.146407 
1403715291.012143 -0.071273 9.301788 3.115727 -0.160521 9.290253 3.146672 
1403715291.112143 -0.071350 9.301868 3.115487 -0.160422 9.290320 3.146478 
1403715291.262143 -0.071745 9.301867 3.115482 -0.160665 9.290407 3.146208 
1403715291.362143 -0.071921 9.301862 3.115495 -0.160780 9.290433 3.146126 
1403715291.512143 -0.071765 9.301848 3.115539 -0.160707 9.290390 3.146257 
1403715291.612143 -0.071606 9.301850 3.115537 -0.160601 9.290344 3.146398 
1403715291.762143 -0.071500 9.301848 3.115545 -0.160538 9.290322 3.146465 
1403715291.862143 -0.072811 9.301791 3.115684 -0.161502 9.290544 3.145762 
1403715292.012143 -0.072775 9.301799 3.115663 -0.161400 9.290544 3.145767 
1403715292.112143 -0.072873 9.301813 3.115618 -0.161394 9.290561 3.145718 
1403715292.262143 -0.072905 9.301824 3.115586 -0.161346 9.290582 3.145658 
1403715292.362143 -0.072602 9.301830 3.115571 -0.161077 9.290508 3.145888 
1403715292.512143 -0.073132 9.301944 3.115222 -0.161113 9.290659 3.145442 
1403715292.612143 -0.072843 9.301981 3.115117 -0.160704 9.290555 3.145770 
1403715292.762143 -0.073206 9.301947 3.115211 -0.160915 9.290609 3.145597 
1403715292.862143 -0.073079 9.301978 3.115121 -0.160780 9.290607 3.145612 
1403715293.012143 -0.073207 9.301968 3.115149 -0.160908 9.290625 3.145555 
1403715293.112143 -0.074503 9.302021 3.114957 -0.161614 9.290919 3.144648 
1403715293.212143 -0.074706 9.302068 3.114814 -0.161646 9.290998 3.144414 
1403715293.312143 -0.074840 9.302167 3.114514 -0.161538 9.291095 3.144134 
1403715293.462143 -0.075026 9.302211 3.114378 -0.161519 9.291170 3.143910 
1403715293.562143 -0.075088 9.302215 3.114367 -0.161540 9.291181 3.143877 
1403715293.712143 -0.075078 9.302211 3.114376 -0.161544 9.291193 3.143843 
1403715293.812143 -0.075098 9.302239 3.114291 -0.161477 9.291196 3.143836 
1403715293.962143 -0.075258 9.302242 3.114280 -0.161588 9.291257 3.143651 
1403715294.062143 -0.075487 9.302236 3.114292 -0.161669 9.291301 3.143518 
1403715294.162143 -0.075531 9.302258 3.114226 -0.161626 9.291309 3.143492 
1403715294.312143 -0.075388 9.302274 3.114182 -0.161452 9.291265 3.143633 
1403715294.462143 -0.075287 9.302323 3.114036 -0.161309 9.291270 3.143628 
1403715294.562143 -0.075317 9.302331 3.114014 -0.161339 9.291285 3.143582 
1403715294.712143 -0.073960 9.302412 3.113802 -0.160239 9.290798 3.145075 
1403715294.812143 -0.072822 9.302923 3.112301 -0.158363 9.290092 3.147259 
1403715294.962143 -0.072891 9.302836 3.112558 -0.158535 9.290036 3.147413 
1403715295.062143 -0.072405 9.302897 3.112390 -0.158149 9.289927 3.147753 
1403715295.212143 -0.072350 9.303084 3.111830 -0.157806 9.289880 3.147911 
1403715295.312143 -0.071890 9.303185 3.111541 -0.157197 9.289443 3.149228 
