1403715280.312143 1.911505 2.081251 
1403715280.412143 1.961348 2.045526 
1403715280.562143 1.998342 2.012560 
1403715280.662143 1.831562 1.833754 
1403715280.812143 1.958674 2.012115 
1403715280.912143 2.140590 2.139947 
1403715281.062143 1.846720 1.856748 
1403715281.212143 1.815433 1.831872 
1403715281.312143 2.072806 2.086391 
1403715281.462143 2.128522 2.143358 
1403715281.562143 2.094549 2.093793 
1403715281.712143 1.994981 2.004459 
1403715281.812143 1.969506 1.981128 
1403715281.962143 2.032918 1.979571 
1403715282.062143 2.019549 1.990820 
1403715282.212143 2.049094 2.035895 
1403715282.312143 2.049083 2.035486 
1403715282.462143 2.065103 2.046630 
1403715282.562143 2.044337 2.031675 
1403715282.712143 2.032207 2.023645 
1403715282.812143 2.045545 2.036211 
1403715282.962143 2.025074 2.016907 
1403715283.062143 1.997547 1.997906 
1403715283.212143 1.977680 1.978231 
1403715283.312143 1.980134 1.979537 
1403715283.412143 1.988018 1.986191 
1403715283.512143 1.982513 1.979982 
1403715283.612143 1.980497 1.981476 
1403715283.762143 1.981156 1.988874 
1403715283.862143 1.979165 1.986650 
1403715284.012143 1.979799 1.986376 
1403715284.112143 1.986919 1.993035 
1403715284.262143 1.982729 1.990080 
1403715284.362143 1.986312 1.995359 
1403715284.512143 1.987837 1.997416 
1403715284.612143 1.985421 2.009760 
1403715284.762143 1.988720 2.041716 
1403715284.862143 1.985448 2.102812 
1403715285.012143 1.987986 2.107246 
1403715285.112143 1.991512 2.141220 
1403715285.262143 1.979517 2.154876 
1403715285.362143 1.977190 2.216473 
1403715285.512143 1.972479 2.205485 
1403715285.612143 1.981003 2.196110 
1403715285.762143 1.999591 2.216077 
1403715285.862143 2.032675 2.270492 
1403715286.012143 2.045510 2.300197 
1403715286.112143 2.057801 2.326613 
1403715286.262143 2.067575 2.356909 
1403715286.362143 2.082412 2.398746 
1403715286.512143 2.075810 2.390835 
1403715286.612143 2.083300 2.408980 
1403715286.762143 2.095162 2.411680 
1403715286.862143 2.142975 2.403751 
1403715287.012143 2.140070 2.404904 
1403715287.112143 2.134107 2.373260 
1403715287.262143 2.126256 2.357511 
1403715287.362143 2.117304 2.355774 
1403715287.512143 2.117042 2.357718 
1403715287.612143 2.124908 2.359986 
1403715287.762143 2.130072 2.361133 
1403715287.862143 2.144074 2.356854 
1403715288.012143 2.144013 2.355949 
1403715288.112143 2.142085 2.346097 
1403715288.262143 2.134861 2.330794 
1403715288.362143 2.121784 2.299199 
1403715288.512143 2.122226 2.299810 
1403715288.612143 2.118759 2.290817 
1403715288.762143 2.110307 2.269880 
1403715288.862143 2.110774 2.240575 
1403715289.012143 2.111400 2.241518 
1403715289.112143 2.111908 2.242261 
1403715289.262143 2.113192 2.244457 
1403715289.362143 2.115647 2.247236 
1403715289.512143 2.118236 2.250390 
1403715289.612143 2.116449 2.248984 
1403715289.762143 2.118719 2.252067 
1403715289.862143 2.120759 2.254844 
1403715290.012143 2.122483 2.256462 
1403715290.112143 2.118996 2.253031 
1403715290.262143 2.120466 2.255627 
1403715290.362143 2.121848 2.256956 
1403715290.512143 2.120963 2.255344 
1403715290.612143 2.121395 2.255914 
1403715290.762143 2.120374 2.254582 
1403715290.862143 2.119256 2.253237 
1403715291.012143 2.119140 2.253266 
1403715291.112143 2.118979 2.252775 
1403715291.262143 2.118816 2.252508 
1403715291.362143 2.118428 2.252103 
1403715291.512143 2.118435 2.252178 
1403715291.612143 2.118740 2.252567 
1403715291.762143 2.118301 2.252107 
1403715291.862143 2.118969 2.252577 
1403715292.012143 2.119155 2.252435 
1403715292.112143 2.119850 2.253034 
1403715292.262143 2.119790 2.252790 
1403715292.362143 2.119897 2.252882 
1403715292.512143 2.120279 2.253218 
1403715292.612143 2.121321 2.255140 
1403715292.762143 2.121728 2.255544 
1403715292.862143 2.121240 2.254988 
1403715293.012143 2.120823 2.254532 
1403715293.112143 2.120904 2.253887 
1403715293.212143 2.120834 2.253672 
1403715293.312143 2.120436 2.252845 
1403715293.462143 2.121223 2.253487 
1403715293.562143 2.120945 2.253137 
1403715293.712143 2.120905 2.253120 
1403715293.812143 2.120797 2.252852 
1403715293.962143 2.120742 2.252840 
1403715294.062143 2.120856 2.252814 
1403715294.162143 2.121361 2.252255 
1403715294.312143 2.122451 2.251816 
1403715294.462143 2.121986 2.249302 
1403715294.562143 2.121599 2.248836 
1403715294.712143 2.125422 2.246770 
1403715294.812143 2.135107 2.239179 
1403715294.962143 2.135786 2.240277 
1403715295.062143 2.136384 2.240636 
1403715295.212143 2.136374 2.240368 
1403715295.312143 2.138810 2.243076 
